8
0.2
1
12
0 90
1 -90
2 40
3 40
4 90
5 90
6 -110
7 -100
8 -70
9 -65
10 90
11 0
12
0 100
1 -80
2 80
3 80
4 90
5 90
6 -30
7 -30
8 180
9 180
10 -80
11 0
12
0 -85
1 -95
2 90
3 90
4 90
5 90
6 -60
7 -60
8 180
9 180
10 -95
11 0
12
0 50
1 -130
2 90
3 90
4 90
5 90
6 -95
7 -95
8 180
9 180
10 -130
11 0
12
0 180
1 180
2 180
3 180
4 180
5 180
6 180
7 180
8 180
9 180
10 180
11 180
12
0 180
1 180
2 180
3 180
4 180
5 180
6 180
7 180
8 180
9 180
10 180
11 180
12
0 180
1 180
2 180
3 180
4 180
5 180
6 180
7 180
8 180
9 180
10 180
11 180
12
0 180
1 180
2 180
3 180
4 180
5 180
6 180
7 180
8 180
9 180
10 180
11 180

